1392,15514
9919,14451,25372,27638,20127,14248
28759,6548,18075,17133
19475,4019
3528,6101,17642,7868,28391,12431
2803,17400,12055
16821,24060,11499,3362,4221,2198,3390,7868,26404,25415,3228,647,12287,1041,6104
155,6571,21865,7105,3032,12435,7613
19379,11329,3817,18024,5557,1015,1010,18741,10014,27117,12688
26378,18712,26546,25003,9671,26845
17748,28177,11022,26333,684,4452,18290,20579,12078,27427,8805,5310,2421,28463,1771,28524,7542,2771,3313,2042,26614,24196
1539,18808,5131,19643,7059,28184
8719,9549,18575,7957
7208,24447,25272,15741,27314,7868,25669,4691,11022
11679
18392,2160,20297
9549
9109,3977,28945,18805,29547,6988,4307,27791
21217
7511,6299,12220,6190,12853,11080
1084,18977,7868
28059,25830
21533,7963,6571
20661,6096,251,8628
19993,16155,15631,8689,27407,12790,21225,18281,11524,28368
20300,10193,9829,23284,28411
27950,18024,178,24886,7975
25386,5185,21565,22280,3228,23143,5053,27791,15602,6520
13878,21462,5848,14048,16722,8637,7990,9912,207,25642,11734,14020,5845,19632,23202,25215,1752,7059
504
28465
20694,13086,28065,6908
17150,4960
17550,5856,6352
178,16821,27060,16373,3850,6352
2410
1966
8173,8719,9802,14182,11679,23928,18730,1031,13592,3979,23698,11793,5848,1546,26127,360,1222
10176,2812,1461,14020
215,12162,24015,11679,2367,11196
20694,28535,23475,28662,15065,9688,18180,1390,10948,26546,9657,6621,26288
4039,29472,882
10240,8693,17232,5330
22240,11954,6621,27791
4059,28184,26699,27117,15019
25372
11196,7409,11578,3847,24242
14796,12110,15638,18491,11060,251,6672,10872,22547,25488,21865,16460,17352,24392,14581,14020,141,19973
949,24669,12541
12475,12933,5469
18024,18990,4595,20180,10014
3228,26722,25260,7186
17772,18202
4949,22244,7323,14902,2421,4571,530,24352,20207,11080,20484,12285,19217,8278,12977,7552,527
614,27389,24459,8943,18712,20154,10866,9389,4163,17232,9479
29385,23549,6571
5015,4220,7850,1773,4059,15661,27653,29203,14020
12453,2270
21400,8978,4571,6665,24447,8637,18519,10740,15322,21838,14408,18084,2257,7868,19973
23698
11244,9525,16154,24892,17959
24281
18097,8637,28617,7868,16323,22999,25733,7045
11018,29099,9111,23628,12541,11176,8005,3135,15315
11176,15138,10051,18730,28719,14318,17590,14265
14917
3658,4300,5458
13247,1918,4014
28975,9220,437,527,1031
12647
25193,20206
18075,23556
4220,13975
29146,7038
14573,19974
11679,19680,5336,26434,15086,5268,2033,1392,25488,23928,15896,24878,7004,24869,21094,12977,14873
4808,9031
5185
5067,13998
10999,16754,11176,20536,26728,251,9782,21334,7567,1966,3627,23831,27625,25427,7576,5053,25570
24178,1461,22211,9193,27637
8689,178,11983,28710,11196,4949,23928,241,14020,11687
13020,28470
4078,12271,3406,14020,25372,5598
26728
27228,21996
23273,476,27791,2367,16396
3627,23829,7868
19973,29099,2683,6326
16818
7061,23656
9030,1038,17855,5334,23779,9829
17087
9138,27314,23928
15315,25742,18868
11936,24193
9567,18025,16463,26618
8171,25618,15814
17606,4003,29363,28603,8327,15096,7096,14020
14276,18388,20902
27927,14482,2198,5336,10404,6980,20872,6305,10647,7868
934,24669,12068,5832,6193,25360,24869,21841,19891,6104,22447,4226
9912,23549,16672,28418,3032,19974,14048,1031
27060,12647,7616,28481,19742,9842,8603,18990,16854
23214,25618,3665,14784,15896,16836,3954,8725,12647,11790,8307,14020,10282,143,28752
6147
16463
24009,26619
7620,25596,21110
28401,7560,27205,22204,16331,3438,4302,12285,7230
27328,10480
27625,25917,18075,10948,11330,25960,21110,12606,21838,17453
10353,6571,2198,25009,12063,13554,43,5403
23260,25596
24704,7827
1135
3082
15432,24083,25086,23774,11176,14952,3458
23013,16939,28059,22583,26883,9702,18026
12068,16564,3176,10872,22405,19166
647,15631,28855,954,7260,4846,17972,21693,7936
12243,19772,11679,27906,3032,14917,26728,5667,22179,19405,3313,14074,2042,5043
21071,24869,7827,4578,19339,7230,3228
9340,27539,3423,11159,3185,8630
21160,5336,7105,25641,4953,4078,8698,24194,9906,15921,13737,25424
12068,26800,21838
11790
6171,17153,28256,19974
22989,19021,2257,16463
6331,20180,11196,23013,22280,13749,6219,27092,23779
28975,5876,15315,24196,9165,10404,24869,5797,27191,2610,18075,6988,20297,4808
12220,10680,16463
18741,14821,17512
18024,19882
19394,11328,2971
25488,13093,15934,23798,3804,646
26722
20516,4411,15992,6326,504,12729,26523,18180,14209,10014,24645,23470
15217,8410,12688
20585,26843,10026,19149,21787,22523
22280,27505,23284,3719,15096
8511,25820,2963,25318,2683,29202,13784
24274,20979,14261,17647,25618,16331,4960
6167,3228
12068,4281,25651,8689,27401,4949,19113,18024,3719,24944,20551,13592,259,20536,23774,18805,9671,1803,2227
14550,28409,15383
7479
21899,2655
14894,23143,27033,6098,22095,19514,11196,526,749,1392,22,12977,19036,14020
24503,16116,18731,4440,16818,20147,2455,26614,143
15018,14661,2999,18805,7432,24669,8173,18024,11969,23662
15315,19686,6571,18281
8193
15365,20902,4545
25329,14294,26973
22547,8257,17400,21796,12994,17084,10151,4762,239,27205,23285,11018,15138,18275,20300,13872,9792,1335,5043,12541
7432,530,18712,27251,23779,21336,8637,4644,23782
14482,2669,23656,7297,21847,26168,5336,11357,13020
15734,12162,27052,13878,13430,4254,9192,5470
13272,19824
1831,12285
20979,19005,16939
26394,28641,2513
9914,23628,3647,11176,10702,3804,8842,13776,18515,5043,11431,24907,7096
17389,12588
11431,12285
16884,27791,5305
27709,14486
22359,28754,4691,2249
27155,15173,22400,7071,23407,12285,13757,15946,14119,11864,16302,22359,29490,8669,26699,23538,17081
259,7286,23628,2000,19891
4931,10461,1197,3804,18086,25169,6158,29099,3592,8219,17512,15874,16540,24461,4324,26634,18217,11631,13554,5081,903,22269,17228,4807
25329,22552,28481,3746,6148,18712,27791,25308,22916,14159
26894,21838
12758,7070,26523,25193,18075
19102,16668,9195
26546,18466,26585,3627,22749,5799,1505,23781,23774,18736,28370,22280,21092,7248,12977,646
4078,5185,24519,8943,18024,21672,28410,11080
9907,7567,28924
4216,12379,27791
17945,29099
24193,4147,9111,6911,29490
3047,17823,2963,2367,14020
5009,712,7473,4949,11176,2519,12352,28270,18611,20417,16110,1439,1293,3627,8689,11465,20015
24887,23628,1630,28641,21672,5267,22077
24669,17449,7622,14446,26608,17752,6839,28616,16944,14902,4644,27791
27028,8637,18275,17690
8689,23656,26298,155,5185,12394,28411
11931,29203,5448,12285,14020,3151,9563,7248
6927,3534
15887,12220,4411,18002,5469,5987
6290
18024,4571,4389,3252,14261,13592,20826,679,12018
29547,28481,4262,19891,21672,29330,13745,9906,4238,10879,27205,22880,7997,15390,4294,12358,21684,6242,24907,11730
25960
18002,7127
3651,3626,8278,23304,18868,6398,4958,18075,27625,22908,18730,527,7542,12394
23157,19252,8763
12162,12754,14567,18167,2626,7409,14065,6630,8689,23235,28164,679,26087
7070,202,8689,4163,4307,22894,2891,13354,264,21336
21372,4411,16085,18180,5625,6057,26614,20549
16302,15907,10726,24669,8689,26416,6840,21865
18990,15081,16300
9111,26546
849,15138,9295,9209,14020
13784,143,27791
20668,10694,5593,29465,25248,19523,22307,8238,25261
10097,29146,12285,9657,18990,530,18072,20297
25483,1831,14969,6104,9140
16768,2610,24506,14020,18741,9315,8630,2655,12285,12674,26516
3627,3047,14161,819,11176,8027,14580,20966,4949,13240,7467,255,8724,28370,2257
18758,17331,1831,27625,11624,28985,8637,16463,18805,4578,14273
9195,7692,11196,15924
25272,24669,15344,8965,11000,13494,377,26341,20146,23251,679,21427,6096,5043
1917
27927,19421,20551,27946,5086,14048,25933,7096
28362,15934,27396,21983,7868,5598,24196,12899
16722,15584,8719,23143,11679,1080,2826,11882
1195,5445,28774,23735,5833
22393,21110,10893,14930,22889
10893,28985,11176,3190,16463,22359,8628,22113,22577,29203,19632
21110,1831,9532,16540,2438,12220,9567,2683,12285,11448
28286,1446,21565,8296,12914,13390,6193,18523,17181,422,13787,5443,471
23676
10646,22393,13394,5529,8630,7233,5712,25372,27791,8327
2826,18024,6571,16939
5067,5094
155,15094,22556,27659,29547,10532,4254,12346,15718,3627,22359,29203,14020,23628,10193,4571,7070
14580,7208,3719,12666,5014,15019
554,27437,23164,194,28694,13017,7542
8689
4078,10999,16420,6447,8842,9620,25214,2198,6951,19974,6665
29099,8269,22583,5799,25830,12220
14261,25329,29099,17958,8724,22099,27637
26722,17732,7105,23433,15921
2452,6152,5443,24196,5814,21840,29202,28687
2729,24571,8637,23295,26180,10895,20578,27791
5883,21501,24601,12888
28675,15315,21337
21092,23928,20536
12680,15065,26288,3032,12674,20279,26341
13754,6305,16067
2306
993,251,3627
9363,8637,28463,18743,20831,6672,14942
28621,8689,13830,18805,5863,10353,29197
1533,11679,16952,12285,14482,27888
27567,6287,14482,29547,19457,12736,26394,16609,28641,20411,10949,23549,6880,5429,18542,26614,9563,13067
15138,26789,13888,10176,18678,7080,14694,7061,4324,3433,2610,20846,12168
5067,14240,26180,4582,22749,17664,21094,3850,14821,20979,14319,1704
4709,2323,23628,14360,8207,27111
26568
12674,749
7105,15716
7560
1481
21865,23241,12754,26619
8625,4172,27791
5086,14902,18758,5367,7248,3151,6724,29364
18002,15138
28270,3658
3047,10840,22094,4172,7868,28370
18741,7692,24944,5661,16331,14153,23019,27791,3324,17771,11679
2208,7963,13020,5053,11196,10893,8799,5043,1335,14818
9899,20470,7868
23492,24831,10329,3627,14712,21050,8738,20297,16606
18200,1831
25669,23071,23628,12433,7260,27319,554,17959,14596,4949,10329,62,14580,13592,25329,21657,9111,18990,8483,5310,27625,9549,7096,7465,1031
28378,17407,18180
155,7868,8689,11983,18075,24258
7150,14596
3181,1739,155,28391,15721,22749,19814,3774
24590
805,12159,28465,16463
23251
21092,13888
6839
17244,13779,23465,14470
1950,23549,2999,18835
22607,554,3627,21110,15534,9817,15405,28184,1325,28370
20578,12426,3458
9487,255,9657,25005,9486,10282
29078,19379,10741,1282,27615,7762,4738,18180,5598,25372
20154,8689,22609,19702,18791,26595,9567,17748
614,12512,4731,11605
15934,7827,25500,1731
24541,28410
18196,10678,6621,27791
6548,28621,16361,23612,16818,11328,23628,27615,12175
9111,4648,19837,13998,21844,25917,2128,4479,29099
28967,1731,1880,5185,10702,18575
9829
18273,8446,1385,3627,22246,6246,15911,29,905,27791
26969,2610
2764,19951,28183,1691,624,27670,4324
9834
15534,22556,22583,28087,23612
4324,11431,10908,10970,24514
15138,2367
10702,3074,23896,3181,26077,20751,7360,22087,10404,7613,217,26114,13039,28641,19941,24281,28985,23251,21983,2771,12865,29203,13784,13265,1773,15799
25830
12283,1505,5077,5667,23284,26546,21919,18002,19405,21533,28463,11951,7061,11329,2217,27791
12271,22836,27415,17153
7169
7963,15138
6548,12606,15828,17133,22482
25483,26806,19813,3228
13380,17060,17242,21078,21995,16818,23907,12977
14956,2368,20386,3228,6880
16913,28411,15831,5478,16406,15138,29099,3438,12717,1731,8689,24819,10570,7061,7963,15173,16846,3983,10082,24601,17959,18024,16096
2374,22029,23861,14153,24898,27448,24417,1065,16722,9111,12754
9802,10840,15315,3324,2729,1731,28221,22342,14020,3151,679
18233,7927,20747
18736,24765,3409,1672,3384,25420
13450,10726,7812,12512,10840,14318,3181,11080,26121,14873,16009
1884
7409,8693,20979,19702,28694,21919,5330,5598
8375,12063,2963,13307
24385,155,7105,14165,11776,9563
1008,948,7061,24507
11201,11857
414,18024,20800,12583,23928,9195,23861
22442,22179,10247,4078,6546,7026
5620,554,14174,12329,1773,22094
21345,25669,8643,23779,19974
7048,15315,4479
14694,8704,16903
164,28924,29099,27092,1218,22365
15534,16572,21110,21092,18002
12435,13888,6113,16939,28653,2471,12489
953,19277,2198,4220,25040,10014,19217
2836,14261,19973,16624,8278,26699,13494
18730,16406,29095,4949,14902,11790,11612,11176,26576,21950,12977
14294,18678,2683
29213,23284,8339,8058,7208,16169,27390,7465,22749
27791,949,6051,6968,9899,24616,19615,7868,1237,21838,7354,7105
11196,25090
7680,9111,1548,19217,8528,21110,26332,504,3458,18080,16463,23284
22029,18628,15159,4172,12173,5619,8338
15200,7868,13494
8257
15138,16939,29077
26523,22621,9567,21883,9111,9912,17921,27539,20048,21865,18075,17835,14942,5043
12754,7680,12610,11696,22280,21110,22126,143,3093
1008,16243,3658,3068,510
3627,14625,18730,10480,23779
2683,21838,1950,3228,24172,9640,5803,7105,16800,5151,27446,17706,11080,9563
27791,9413,14526
26288,20803,6880,21092,9472,25989,1962,7089,14265,20751,18024,15390,25212
4571,19416,1037,29099,23284,24907
10893,949,29465,6980,10176,22126,21632,4510,26614,26736,25372
1539,28391
29099,8278,21946,3555,16331,24341,25839,27791,24553
27161
26722,11052,4709,14360,17118,11578
24471,1000,3151,11734,17945,26000,14482,24869,22321,17882,530,10570,25366,29197,10840,22749
5640
8943,4571,9881
18124,21883
17470,3228,14153,18937,12886,2669,10014,14795,19974,23774,16722,5099,26619
11201
21838,2000,25733,15935,18805,5799,4571,7868,15946,11029,19974,2683
28481,24929,20551,530,22280,24196,14165,15019,22749
29203,4220,18180,1282,12220,13844,4510,10014
10702,11022,26866,18996,15231,17960,21659,5306,5620
12078,18741,9671,7061,3647,11849,24277,27437,15784,1000,28662,18353,15584,5661,18612,4807,28653,7248
19096,3626,7061,26665,10970,8278,3068,11176,6672,14294,5661,7070,18712,27346,18967,15584,24306,14794,13494
6199,23656,23826,18805,23861,15089,18544,14011
5848,20037,24869,15661,8049,8257,15931,15192,23928,20143,7606
26972,26771,14942,6656,17706
21565,23584,3515,25333,6211,2963
8637
16754,16463
6147
6080,14119,27912,22547,20661,22664,28641,834,23013,12433,29445,4270,14498,14554,19328,239,21840,15390,8764,19974
9620,11196,2257
10916,25687
18730,12220,21672
26737,3983,18712,22043,7208,29446
18697,18544,7850,21919,9881,17732,19973,6839,25618,18024,25381,27052,29099,26434,20661,17977,4479
7465
934,3324,25793,26114,1739,21146,18167,5590,8414,28399,1004,7096
11196,6571,6447,12754,13942
1392,21338,6175,10866,23861,24942,20617
18024,23779
6783,14020,21979,23984,8313,3658,24415,20918,1788,12394,25289,2610
5724,9658,15359,10193,27791,10778
19993,6672,4683
13891,11679,14381,3228
15584,10702,23781,18736,18712,10325,20190,5814,539,21092,155,15021,14261,21071,13734,17214,2173,25651,20979,15534,10014,21336,17061,7061,22313,22556,8842,18515,4411,9111,19458,12209,11328,26583,27257,14917,7037,2128,5912,7071,2291,1461,5157,27955,26523,26789,19421,21979,26160,1000,14065,7856,7059,22529,17959,15315,15811,4807,25510,11524,23928,11022,471,29224
20180,27977,14626,619,7409
9804,9486
25029,970,16243,14853,20045,19862,2963,20701,23206
14575,12606
13971,17972,16674,19
5639,1598,26754
7007,911,28876,7611,3228,4571,530,8257,12068,19416,28453,18024,1119,11679,3913,8278,57,1501,28653,14976
9936,679
15934,6880,5094,9472
2159,24517,7868,28463,27791,10193,16939,6352
12352,5856,9620,12052,19166,25570
9301,10368,642
11196,7868,19814
16818,17438,21962
6655,876
13244,11823
12271,26288,20519,5856,25618,15838,14536
2367,14261,16768,2945,17177,18805,18879,1758,5185,24541,27625,24344
18990,28017,21628,3740
12068,8628,27711,5264,18167,24944,20300,22359
3958,15308,17641,18529
19416,11196,4626,25933,17770,4834,27618
3185,17032,5403
29505,21865,28504
11857,16100,22947
3390,8549,24886,14483,24277,7560,19339
28463,6947,2764,27791,28481,3091,6571
8976,3555,12132
7096
20548,18697,8028,28992,21146,2963,26121
7936,29389
6805
7997,29445,2043,3228
16670,11329,12352,19745,14226,14153,5086,14902,12680,16406
14796,19416,12068,20803,6880,27791,4571,27508,11196,7868,21140,21067,22077
10306,18741,23403,2669,15217,239,18805,3647,17446,17180,12688
23779
5833,8148
20679,3775,614
4571,11080,24172,251,25917,13784,23928,16952,2655,21838
16540,9301,20979,6203,23214,20630
20388,11541,15315,8628
25596
8637,20661,14261,9220,29202,27791,12977
23421
5324,7105,11201,143,27791
21085,23656,15302,26127,19574,17356,14573,14415,4125,2685,11391,1037,4281,12674,9340,9878,23928,9392,7230
8775,28641
10893,4281
12220,18024,12257,9250,5429,13054,16550,12394
22887,1392,13265,14266,27153,17402,3850,26829
3228,4452,7812,28669,9563
6096,17581,18805,21672,19973,14020
24503,6154,3627,23783,20164,20367,28201,12886,12352,9563
3555
21392,19891,24601,9120,18024,29099,24196
20253,20456,24196,3151,18730,23007,9472,26298,5053,27149,12977,14020,12352
12790,5660,23284,27791
22342,20803,15681,24054,28270
24929,11060,14261,6431,11000,679,26516
4578,17483,18013,25402
11259
16343,15638,4078,1666,23628
25372
21865
4775,528,5896,23861,29231,4571,17926,4300,16939
11204,7868,3854
23884,679
20146,17640,26608,26789,18805
10627,23120
10999,14097,16110,15315,11679,16540,7560,12541,29224,13784,14020
15138,3390,11196,17597,29547,7105,24780,8257,19381,16540,617,23779
2452,22371,2600,3536,15065,18712,15258,9567,28270,20551,26737,3313
27035,28924
2367
7977,23475,11482,5594,26576,6096,6571,11080
27199,14942,2899,27791,1577
21833,15138,2683,9620,15018,11101,5936,527
17214,22484,4039,18736,23928,6550,554,25138,13962,24565,10133,25596,13070,11826,28653,16722,12008,14020
16952,21067,1917,5221,3627,15934,15089
8049,2199,4819,12161,6757,27965,13883,24886,11679,27928,25733,6246,15584,29099,19394
27346,26972,24601,3032,14261,17945,19974,13451
554,28975,3913
25381,25635,18712,20548,5043
476,14694,28744,1494,12606,2513,2963
18024,24601,26288
20506,15672,11519,4571,3995,679
21869,1461,13975,25596,17087,17060
911,16913,4354,1530,25366,8489,10928
19539,18730,28985,2513,27791
25169,25117,15019
27791,21715,22489,16944,1739,14415,7469,13701,7654,14065,11000,22043,26860,26288,7692,4411,5834,5315,7004,21919,17550,25329,23019,8316,14917,7096,3151,19166,7230,24070
23878,454,527,23793,12790,11018
13354,7260,15159
11410,13592,24788,15308,1591,21581,11000
27092
11080
20393
12586,23662,15423,5574,11080,15019
11578,8890,13390
22240,26900,5176,15138,7552
3047,4949,949,24869,4479,14048,11776,18075,29099,4931,11196
14153,14360,16939
2729,22313,22556,3151,14020,24447,8689,27946,24427,18075,5799,19023,5492,19405
20327,24459
13240,4235,8409,5845,12220,3626,9948,8689,9230,9242,14020
21823,7071,9985
155,7061,21336,11888,18730,17945,15686,13607,11083,21975,20297,143
16873
28930,11080,17921,14580,20626,2891
27470
14261,16110
3228,11061,26464,23662,4949,28752,8996,12606,20045,24984,18217
15934,28270,3135,24764,17237,15019
17760,12747,2683,11080,15584,14265,647,18805,11628,26754,1771,24844,28410,8637,13483,17214,12168
25169,20551,679,4059,23103,7037,27052,83,12737,25366,7827,3068,21092,8637,3627,24669,6543,7400,5306
1031,3228,11652,10268,28177,18296,911,4238,29331,57
28065,14780
4949,16939,12285,7356,27906,7208,7822
7692,27205,23475,22280
29197
8628,16463
11080,949
19973,6951,1335
28525
5848,28975,17470,28824,7105,10329,28653
14120
19993,20506,2683,4039
10308,23669,9912,12541,14930,27637
9165
1031,14446,22633,11220,617
27096,3382,15617
20902,17835
12352,29099
11679,26605,8637,24886
18835,11272,24486,24519,11767,12220,25086,25260,14580,2683,26722,12168
11176,25570,3228,24869
25272,17945,11080,5043
14490,26546,28985,13084,7747
7868,12453,1533,9072,4694,14661,22727
14795,17024
19651,13020,15164,29203,14020
6734,16939
11679
25883,14523
23236,23198,15269,3228
19615,16653,18868
24340
11196,27625
17748,14265,528,29084,21110,13888,9802,15138,12977
23207
23896,12737,17514,25086,25570,24541,11776,21372,8628,9111,24517,17767,12394,14294,16376,2254,11543,8992
19197,2367,19095
19416,1031,201
15423
10449,599,5797
21684,18024,12728,28169
15859,2421,21936,18630,6951,24669,10702,22317,7096,11201
18024,24601,13049,8530,6597,15799
10872,18730,21815
2929,18730,1917,17470,10646,15315,6352,4691
17401,414,27888,24601,8860
10999,11679,22489,7105,21067,16110,18730,16540,23896,14261,11080
24869,24601,11080
11857,29099,2739,27638,11357
11280
7208,24087,15086,27205,4808,16302
5661,16540,9193,155
1415
11330,15125,17431
25676,10893,29099,4571
18024,9275
5627,12964,11000,17732,12327,21840,22393,8724,1507,19014,28347,14695,27117,15019,28411,7230,2033
21883,10949,2198,13020,13247,25349,25079,19540,617,15019
18167
8651,14294
1392,19466,14482,28378,13460,10570,23628
542,16009,20800
4808,4491,26871
13737,14580
25329,2610
1392,29442,13830,2771
13020,16624,3809,11176,4949,19421,23662,7356,13737,11864,26972,26614,251,7096,11330,23475,3590,12977,21067
24059
21768
27155,28149,6246,24274,26973
8689,15086,13226,9471,17640,17214,2568,7611,7868,9549,27791
26959,28438,18868,22621
5015
14922,19615,2999,9486,2257,9846,8724,18736,11889,20608,28124,12977
21067,2033
12285,11679,3913,15414,26618,4750,7737,16176,23698,23628,530,10726,20256,7868,3393,27487,16944,5053,8792,23013,23480,2251,22749
24704,14603,12541
25366,27514,11864,7105,3032,8261,22113,1917,8767
23622,8816,24601,26619,12977
2610
12642,4220,4571,18051,17020,21372,16463,12438,1107
16500,911,26288,5848,10151,24541,11665,7542
4220,1731,7989,7409,7624,21238,25753,8769,28885,25329,15434,6174
2826,10169,29551,17945,29203,5267
15345,10646,26114,934,21840,7975,6352,18572,4571
504,6571
7706,23086
11080,21593,4239,19903,27205,20800,13285,23779,28135
21392,20180,26034,4320,619,18891,29203
11330,19540,21739,21758,18180,7542,26614
4571,6542,19394,27511,12656,16972,6104,21911,3228,19973
20456,27407,28662,9802,12285,20694,18905,15315,7737,18097
14795,12285,16540,22749,23563,21071,11849,3740,530,23628
13258,20979,8816,22950,12189,27791,18465
23448,27791
15584,15860
15584,15718,489,7208,28662,22280
14153
5150,16420,7868
12212
26523,18227,14073,13778,29213,20896,12736
11196,16500,3702,14048,9131,15645,23669,3228
8313,12285
12068
26712,6880,15018,29099,22371,16540,29472,14588,23781,26546,8965,18491,11670,14533,20661
13737,4220,24341,20661,7822,7567,25219,12394,24325,13592,5458,23549,28855,14902,6724,22280,11022
7680,18683,15307,12754,16463,10452,5081,18958
23861
3665,17748,18575
12754
519,20154,22306,2891,13093,4949
16913,15315,27791,15672
18271
1155,18712,14525,23482,19751,700,7105,20297
6395,25651,19394,5592,4750
5053,23782,26670,29330,28859,22963,27791,18024,23143
1591
5845,2750
24334,21865,2322
23896,17061,17348,21657,8278,19394,18805,17405,1222,28270,3438,23628,14261,15645,5285,14533,16331,17060,18024
11176,25260,15831,778
768,21110
10066,3228,13888,5416
18946,11080
29265,3438,2437,17531
11196,27019,3458
23878
16716,24715
1681
12220,3145,7248,19671
18075,16463
20152,26789
12285,11904,21865,12220,22556,14580,3699,10171,647,11080,527,12747
22126,20184,4499,21336,1337,5254,14415,2999,10325,12758,29099,27927,14788,1700,24434,10702,3999,24984,24669,23928,18829,16846,23409,21919,12795,28065,9563,7105
17823,14261,1293,27912,6741,27060,22313,2251,19421,25651,24172,15395,7868,23782,12541,5736
29099,24969,4081,4578
18544,23223,7626,24177
21392,16540,18496,11196,13390,15311,21975
25840,16564
12586,360,9620,6571,845,2966
17393,13471,7868,13442,14227,16177
9894
6571
18075,16672,29334,18741,5848
619,6737,12182,16453,14603,3174,7868,19574,18730,5369,3787,23748,14498,26607,12364,8173,12285,28625,22994,13853
11682,21706
25058,18075,27056
26523,14666,5081,14265,10908
17405,11456,24534,22393,28017,15302,11864,3677,9620,19217,17446,19937
27346,155,22126,7620,16217,19258,28270,28508,12795,5306,28561,4762,14894
28438,8689
7105,18791,7868,21865
554,17237
8689,4949,17087,251,14482,13039,20456,29224
14292,13779,6498,10232,7297,8851,1138,1565,9563,11635,16722,15024,20338
8693,21146,155,7096,12977,2963
29203
6828
155,19673,7150,25372,28752
29375,17214,17835,17629,12220,20823,11196,27637
29099
14393,24601,15918,22043,4336,29539,12717,22359,21672,25488,18072,15478,7868,3313
3809,29099,25933,13765,742,11487,6364,19431,23340,29363,849,9612,6740,12168,20297,22094
28369,9848,7943,9657,18741,14020
4281,16481,17760,24737,4366,26679
23284,20979,18172,22946,22843,15249
11329,10999,14942,8089,11734,9472,18996,15192,5043
11196,8676
29099,13097,16406,21840,26516
8637
6731,21899,14470,26619
24966
15549,8313,1237,5053,11679,679,2367,10690,13787,20297,18829,21925,599
20751,4281,18465
5652,9846,25386,18075,2945,7943,14233,4039,23928,11524,6820,10258,26005,6868,12013,398,27035,28535,9392,20386,7037,23549,3185,27791,18612,8483,21336,20751,28641,15988,12159,21930,22313,24944,26972,15784,28945,7045,12285,7059,18736,20297,16463,27117,19632,24869,3324,13784,2476,4807,17094,26619,14486,14294
14661,7127,16406,4775,29473,17781,7230,18843,20388,4381
29099,15934,13103,20896
4039,25570,10970,14261,25086,19402,9111,8692,3719,28975,15019,28653,14020,11524,24409
14261,989,21511,24307,22973,7096,12352,17706,8495
10778,3219,23928,15032,16939
6571,20608,15584,4731,14226,7411,16540,2179,7936,26576,1803
12927,24081,24788,15959
14159
1293,11196,3228,14580
18905,7868,19890,6096,26699
27508
25670,12068,9152,24541,20694,28418,11638,16624,15478,15423,26308,1335,7248,21067,23779,19166
28270,16140,12737,11176,14153,27160,12394,14020
4939,23774,18292
1396,17153,22915
4078,14153,18805,14242,27791
23779,21657
27394,6158,23628,29203
21565,7323,27198,19772,18131,16110,16406,2783,13878,15988,29099,18388,11263,26288,27501,12977,14020
1995,19615,14153,25420,20979,1666,14887,11022,24440,10635,3740
4761,11679,25960,2613,21393,1481
18024,24460,5845,14415,2568,14788,155,12143
10948,3051,18180,3776,4220,10678,3458,10584,10014,21146,26619
28707
679,10999,7868,27328,14902,24929,1155,16846
9472,17920,18612,19105,7868,21315,9045,10225,6856
21930,7572,5429,9563,23134
11196,24196,23622,9709,6374,8775,8965,11060,5712,5086
1758,9522,13103,11080,21911,28967,12162,2322,6505,23482,20411,16865,24417,8719,17959,15233
11781,26546,23214,5086,28411,17783,5848,22126,23482
27961,11790,24978,19394,13795
28876,360,24565,25169,21930,8637,26422,15018,21657,239,6738,7868,20835,12076,5043
24385,27179,22732,22126,18805,953,8628,29099,19539,11201,2436,17214,20626,9458,7179,10584
3190,21995,18805,25086,19048,7380,12576,10908
5764,13592,3658,16483
25596,19955
5184
11939,24841,4949
1481,5081
29078,10948,27514,11330,24929,18167,5598,12688,26614
14902,24780,21995,679,4571,11080
20555,25917,1031,8689,16463,14292,574,8637,14942,12271,8226,11543,13209
18183,23826,1731,21336,11080,26716,17959
12491,13672,23779
9090,11304,20121,24088,28124
8818,12055,9899,3850,1962,2683
6621,20701,26394
11378,949,11431
22489,7868
17060,17087,14894,28899,19014,569,3228,15390,29203
7456,11196,27092,21865,17013,11018,27406,27791
24869,25960,4731,16463,13020,23342,8628
12717,27401,20695,18730,3228,29084,2128,22359,14182,18388,26006,22043,14153,21146,19829,9991,4329,2963,26699
26006,23662,7173,239,17706,3390,11963,11076,27155,15584,6148,16110,4411,27443,10393,12431
15911
22846
2323,6158,19828,28049
25022,4819
11330,8943,29225,4452
1366,26546,24193
28924
29465,20979,28481,8630,15390
21593,18289,23774,24541,8689,22179,24869,23628
18558,28166,7868,13471,24922,2353
28270,27625,4571,11280,26619
12285,8148,24911,18771,7522,22027,451,14020,19381,19179
18013,2669,20701,18489,18024
15831,18185,26523,17429,4835
16602,9567,12606
19660,4667,11159,1079,20297
