9919,14451,25372,27638,20127,14248
6548
4019
3528,6101,17642,7868,12431
16821,24060,11499,3362,4221,2198,3390,7868,25415,3228,647,12287,1041,6104
3032,12435,7613
19379,3817,18024,5557,1015,1010,18741,10014,12688
18712,26546,9671,26845
17748,28177,26333,684,4452,18290,20579,12078,5310,2421,28463,7542,2771,2042,26614,24196
1539,5131,19643,7059,28184
8719,9549,18575,7957
25669
11679
2160
3977,28945,18805,29547,6988,4307,27791
21217
7511,6299,12220,6190,12853,11080
7868
28059,25830
21533
20661,6096,251,8628
19993,16155,15631,8689,12790,21225,18281,11524
9829
27950,18024,178,24886
25386,5185,21565,22280,3228,23143,27791,15602,6520
13878,21462,5848,14048,16722,8637,7990,9912,207,25642,11734,14020,5845,19632,23202,25215,1752,7059
504
28465
20694,13086
17150
17550,5856
178,16821,27060,3850,6352
2410
8173,8719,14182,11679,23928,18730,1031,3979,11793,360,1222
10176,2812,14020
215,12162,24015,11679,2367,11196
20694,28535,23475,28662,15065,1390,26546,9657,6621,26288
4039
10240,8693,17232
11954,6621,27791
4059,28184,27117
25372
11196,7409,3847,24242
14796,12110,18491,11060,251,6672,10872,22547,25488,21865,16460,17352,14581,14020,141,19973
949,12541
5469
18024,18990,4595,20180
3228,26722,25260,7186
17772,18202
22244,7323,14902,2421,4571,530,24352,20207,11080,20484,12285,19217,8278,12977,527
614,27389,24459,8943,18712,20154,10866,9389,4163,17232,9479
29385,23549,6571
7850,1773,4059,15661,29203,14020
12453,2270
21400,8978,4571,6665,24447,18519,10740,15322,21838,14408,18084,2257,19973
23698
11244,9525,16154,24892,17959
18097,8637,7868,22999,25733,7045
9111,23628,12541,11176,8005,3135,15315
11176,15138,18730,17590,14265
14917
4300,5458
1918,4014
28975,9220,437,527,1031
12647
25193,20206
18075,23556
13975
29146,7038
14573,19974
26434,15086,5268,2033,1392,23928,15896,7004,24869,21094,12977,14873
5185
5067,13998
11176,3627,25570
24178,1461,9193,27637
8689,178,11983,28710,11196,4949,23928,241,14020,11687
28470
4078,12271,3406,14020,25372,5598
26728
27228,21996
23273,476,27791,2367,16396
3627,23829,7868
19973,29099,2683
16818
7061,23656
9030,17855,23779,9829
17087
25742
24193
9567
8171
17606,4003,28603,15096,7096,14020
14276
27927,14482,2198,5336,10404,6980,20872,6305,10647,7868
9912,23549,16672,28418,3032,19974,14048,1031
27060,7616,19742,9842,8603,18990,16854
3665,15896,16836,3954,8725,12647,11790,8307,143
6147
26619
7620,21110
28401,7560,22204,16331,3438,4302,7230
27328,10480
27625,25917,18075,10948,11330,25960,21110,12606,21838
10353,2198,25009,12063,43,5403
25596
24704,7827
1135
3082
15432,25086,11176,3458
23013,16939,28059,22583,26883,18026
12068,3176,10872,22405,19166
647,15631,28855,7260,4846,17972,7936
12243,19772,3032,14917,3313,2042
7827,4578,19339,7230,3228
9340,27539,3423,11159,3185,8630
21160,5336,7105,25641,4953,8698,24194,9906,15921,13737
12068,26800,21838
17153,19974
22989,19021,2257,16463
6331,11196,23013,22280,27092
28975,5876,15315,24196,9165,10404,24869,27191,18075,6988
10680,16463
18741,14821,17512
19394,2971
25488,15934,3804,646
4411,12729,26523,14209,10014
20585,26843,10026,21787,22523
22280,27505,23284,3719,15096
25820,25318,2683
20979,14261,16331
6167,3228
12068,4281,25651,8689,27401,18024,3719,24944,13592,18805,9671,1803
14550,28409,15383
7479
2655
14894,23143,27033,6098,22095,19514,11196,526,749,1392,22,12977,14020
24503,16116,18731,4440,16818,20147
15018,2999,18805,7432,24669,8173,18024,11969,23662
15315,19686,6571,18281
8193
20902
25329,14294
22547,8257,17400,21796,10151,4762,239,27205,18275,20300,9792,1335,5043,12541
7432,530,18712,27251,23779,21336,8637,4644,23782
14482,2669,7297,21847,26168,5336,11357
15734,12162,13878,13430,9192,5470
13272,19824
1831
19005,16939
28641,2513
9914,23628,3647,3804,8842,13776,5043,24907,7096
12588
12285
27791,5305
27709,14486
28754,2249
27155,15173,7071,23407,12285,13757,15946,14119,11864,16302,22359,29490,8669,26699,17081
7286,2000,19891
10461,1197,18086,6158,3592,17512,15874,16540,24461,4324,26634,18217,11631,13554,5081,903,22269,17228,4807
25329,22552,28481,6148,18712,27791,22916
26894,21838
12758,7070,25193,18075
19102,16668,9195
18466,26585,22749,5799,1505,23781,18736,22280,21092,7248,12977,646
4078,5185,24519,18024,28410
9907
12379,27791
17945
24193,4147,9111,6911,29490
3047,17823,2963,2367,14020
5009,4949,11176,2519,12352,28270,16110,1439,1293,3627,8689,11465,20015
24887,23628,1630,21672,5267
24669,17449,14446,26608,6839,28616,16944,14902,4644,27791
27028,8637
26298,5185,12394
11931,29203,12285,14020,3151,9563,7248
6927,3534
15887,4411,18002,5469,5987
6290
18024,4571,4389,3252,14261,13592,20826,679,12018
29547,29330,7997,15390,24907,11730
25960
18002,7127
3626,23304,6398,4958,27625,12394
23157,19252,8763
12162,12754,14567,18167,2626,7409,14065,6630,8689,23235,28164,679,26087
7070,202,8689,4163,4307,22894,2891,13354,264
4411,16085,18180,5625,6057,26614,20549
16302,15907,10726,24669,8689,26416,6840,21865
15081,16300
26546
849,15138,9295,9209
13784,143,27791
20668,10694,5593,29465,19523,8238,25261
10097,29146,12285,9657,18990,530,18072,20297
25483,14969,6104
16768,2610,24506,14020,18741,8630,2655,12285,12674,26516
3047,14161,819,11176,8027,14580,20966,4949,13240,7467,255,8724,2257
18758,17331,1831,27625,28985,8637,18805,4578
11196,15924
25272,24669,15344,8965,13494,377,26341,20146,23251,679,21427,6096,5043
27927,19421,27946,5086,14048,25933,7096
15934,27396,21983,24196,12899
23143,1080,2826,11882
5445,5833
22393,21110,10893,14930,22889
10893,28985,11176,3190,16463,22359,8628,22113,22577,29203,19632
21110,1831,9532,16540,12220,9567,2683,12285,11448
28286,21565,8296,13390,6193,17181,422,13787,5443
23676
13394,5529,8630,7233,25372,27791,8327
2826,18024,6571,16939
5067
155,15094,22556,27659,29547,10532,12346,15718,3627,22359,29203,23628,10193,4571,7070
14580,5014
554,27437,194,28694,13017,7542
8689
10999,16420,8842,9620,25214,2198,6665
5799,25830,12220
14261,25329,17958,8724,22099,27637
26722,17732,15921
2452,6152,5443,24196,5814,28687
2729,24571,8637,23295,10895,20578,27791
21501,12888
28675,15315,21337
12680,15065,26288,3032,12674,20279,26341
6305,16067
2306
993,251,3627
9363,8637,28463,18743,20831,6672
28621,18805,10353,29197
1533,11679,16952,12285,14482,27888
27567,6287,14482,29547,19457,12736,26394,16609,28641,10949,23549,6880,5429,18542,26614,9563,13067
26789,13888,10176,18678,7080,7061,4324,12168
5067,14240,26180,22749,21094,14821,14319
4709,2323,23628,14360,27111
26568
12674,749
15716
7560
1481
21865,23241,12754,26619
8625,4172,27791
5086,14902,18758,5367,3151,6724,29364
18002
28270,3658
10840,22094,4172,7868
18741,7692,24944,5661,16331,14153,23019,27791,11679
7963
9899,20470,7868
24831,3627
18200,1831
25669,23628,12433,27319,554,17959,4949,62,14580,13592,21657,9111,18990,8483,5310,27625,9549,7096,7465,1031
28378,17407,18180
7150,14596
28391,19814
24590
805,28465,16463
23251
21092,13888
17244,14470
1950,23549,2999,18835
22607,554,3627,15534,9817,15405,28184
20578,12426
9487,255,25005,9486,10282
29078,19379,10741,1282,27615,7762,4738,18180,5598
8689,22609,19702,18791,9567,17748
4731,11605
15934,1731
24541,28410
18196,10678,6621,27791
6548,28621,16361,23612,16818,27615
9111,19837,4479
28967,1880,5185
9829
18273,8446,1385,3627,22246,6246,15911,29,905,27791
2610
2764,19951,28183,1691,624,27670,4324
9834
15534,22556,22583,28087,23612
4324,11431,10970,24514
2367
10702,3074,3181,26077,20751,7360,10404,7613,217,26114,13039,19941,28985,23251,21983,2771,12865,29203,13784,13265,1773,15799
1505,5667,23284,26546,21919,21533,28463,11951,7061,11329,2217,27791
12271
7963
6548,12606,15828,17133,22482
25483,26806,19813,3228
13380,17060,17242,16818,12977
14956,20386,3228,6880
16913,15831,29099,3438,12717,1731,8689,24819,7061,7963,15173,10082,17959,18024,16096
2374,23861,14153,24898,24417,16722,9111
10840,15315,2729,28221,679
18233,20747
24765
13450,10726,7812,12512,3181,11080,26121,14873,16009
7409,8693,20979,19702,28694,21919,5598
8375,12063,13307
11776
1008,24507
11201
414,18024,12583,23928,9195,23861
22442,22179,10247,4078,6546
22094
21345,25669,8643,23779,19974
7048,15315,4479
14694,8704,16903
28924,27092,1218,22365
21110
12435,13888,6113,16939,28653,2471,12489
953,19277,2198,4220,25040,19217
2836,14261,19973,8278,26699,13494
18730,16406,29095,4949,14902,11790,11612,26576
14294,2683
29213,23284,8058,7208,16169,27390,7465,22749
27791,949,6051,6968,9899,24616,19615,7868,1237,21838,7354,7105
7680,9111,1548,19217,8528,21110,26332,504,3458,18080,16463,23284
22029,18628,4172,12173,5619,8338
15200,13494
15138,16939,29077
9567,21883,9111,9912,17921,27539,20048,18075,5043
12754,7680,12610,22280,21110,3093
1008,16243,3068,510
2683,21838,1950,3228,24172,7105,27446,17706,11080,9563
26288,6880,21092,9472,1962,7089,14265,20751,18024,15390,25212
4571,19416,1037,23284,24907
10893,949,29465,6980,22126,21632,4510,26614,25372
1539,28391
8278,21946,16331,24341,27791
27161
26722,11052,4709,14360,17118,11578
3151,530,25366,10840
8943,4571,9881
17470,3228,14153,18937,10014,16722,5099
11201
2000,25733,15935,18805,5799,4571,7868,11029,2683
29203,12220
10702
12078,18741,9671,7061,3647,11849,24277,27437,15784,1000,28662,18353,15584,5661,18612,4807,28653,7248
3626,7061,8278,11176,6672,14294,5661,7070,18712,27346,18967,15584,24306,13494
23826,18805,23861,15089,14011
5848,20037,24869,15661,8049,8257,15931,15192,23928,20143,7606
26972,26771,6656,17706
21565,2963
8637
16754,16463
14119,22547,20661,22664,834,12433,4270,19328,21840,19974
9620,11196
18730,12220,21672
26737,18712,22043
18697,7850,21919,9881,19973,6839,25381,29099,26434,20661,4479
7465
934,26114,21146,18167,5590,28399,1004,7096
11196,6571,6447,12754,13942
1392,21338,6175,10866,23861,24942,20617
23779
21979,8313,3658,24415,20918,1788,25289,2610
15359,10193
6672,4683
13891,11679,3228
15584,10702,23781,18736,18712,10325,20190,5814,539,21092,155,15021,14261,21071,13734,17214,25651,20979,15534,10014,21336,17061,7061,22313,22556,8842,18515,4411,9111,19458,12209,11328,26583,14917,7037,2128,5912,7071,2291,1461,5157,27955,26523,26789,19421,21979,26160,14065,7856,7059,22529,17959,15315,15811,4807,25510,11524,23928,29224
20180,27977,619,7409
9804,9486
970,16243,20045,2963,20701,23206
13971
5639
7007,911,28876,7611,3228,4571,530,8257,12068,19416,28453,18024,1119,11679,3913,8278,57,1501,28653,14976
9936,679
15934,6880,5094,9472
2159,24517,7868,28463,27791,16939,6352
12352,5856,9620,12052,19166
9301,10368,642
11196,7868,19814
6655,876
11823
12271,26288,20519,5856,15838,14536
14261,2945,17177,18805,18879,5185,24541,27625
28017,21628,3740
12068,8628,27711,5264,18167,24944,22359
19416,17770,4834
5403
11857,16100,22947
3390,8549,24886,14483,24277,7560,19339
28463,6947,2764,27791
8976
7096
20548,18697,8028,21146,26121
7936,29389
7997,3228
16670,11329,12352,19745,14226,14153,5086,14902,12680,16406
19416,12068,20803,6880,4571,11196,21140,21067,22077
18741,23403,2669,15217,239,18805,3647,17446,17180,12688
23779
5833,8148
20679,3775,614
4571,11080,24172,25917,23928,16952,2655,21838
6203
20388,8628
25596
8637,20661,14261,9220,29202,27791,12977
5324,7105,11201,143,27791
23656,26127,19574,17356,14573,14415,4125,2685,1037,4281,12674,9878,23928,9392,7230
8775,28641
18024,5429,16550,12394
22887,1392,13265,14266,27153,17402,3850,26829
7812,28669,9563
6096,17581,18805,21672,19973,14020
24503,6154,3627,23783,20164,20367,28201,12886,12352,9563
3555
24196
20253,20456,24196,9472,26298,5053,27149,12977,14020,12352
12790,5660,27791
20803,28270
24929,14261,6431,26516
4578,25402
11259
16343,4078,1666
25372
21865
4775,528,23861,29231,17926,4300,16939
11204,7868,3854
679
20146,17640,26608,26789,18805
23120
10999,14097,16110,15315,11679,7560,12541,29224,14020
15138,3390,11196,17597,29547,7105,24780,8257,19381,16540,617
2452,22371,3536,15065,18712,15258,9567,28270,26737,3313
2367
7977,11482,5594,26576,6096,11080
27199,27791
21833,15138,2683,9620,15018,11101,5936,527
4039,18736,25138,13962,24565,10133,25596,13070,11826,28653,12008,14020
16952,1917,5221,3627,15934,15089
8049,2199,4819,12161,6757,27965,13883,24886,11679,27928,25733,6246,15584,29099,19394
27346,26972,3032,14261
554,28975,3913
25381,25635,18712,20548,5043
14694,28744,12606,2513,2963
18024
20506,15672,11519,4571,679
1461,25596,17087,17060
911,16913,4354,25366,8489,10928
19539,18730,28985,2513,27791
27791,21715,22489,16944,1739,14415,7469,13701,7654,14065,26860,26288,7692,4411,5834,5315,7004,21919,17550,25329,23019,14917,7096,3151,19166,24070
23878,454,527,23793
11410,13592,15308,1591,21581
27092
11080
5574,11080
11578,8890,13390
7552
3047,4949,949,4479,14048,11776,18075,29099,11196
14153,14360,16939
2729,22313,3151,14020,24447,8689,27946,24427,18075,5799,19023,19405
24459
4235,8409,12220,3626,9948,8689,9230,9242,14020
155,7061,11888,18730,15686,21975
16873
11080,20626,2891
27470
14261,16110
3228,11061,26464,23662,4949,8996,24984,18217
15934,28270,3135,24764,17237,15019
2683,15584,18805,1771,24844,28410,8637,17214
23103,7037,83,12737,25366,3068,21092,8637,3627
1031,10268,28177,18296,911,29331
14780
16939,12285,7356,7822
8628,16463
11080
19973,6951,1335
28525
28975,17470,28824,10329,28653
19993,20506,2683,4039
10308,23669,9912,12541,14930,27637
9165
1031,14446,22633,617
27096,3382,15617
12352
11679,26605,8637
18835,24486,24519,11767,12220,25086,25260,14580,2683,26722,12168
11176,25570
11080,5043
14490,26546,28985,13084,7747
7868,9072,4694
14795,17024
6734,16939
11679
23236,23198,15269,3228
16653
24340
11196,27625
17748,14265,528,29084,15138,12977
23207
24541,21372,9111,24517,12394,14294,16376,8992
2367,19095
19416,1031
15423
15859,2421,21936,18630,6951,24669,7096,11201
18024,24601,6597,15799
10872,18730
2929,1917,17470,6352,4691
17401,414,27888
10999,11679,22489,7105,21067,16110,16540,14261,11080
24869,11080
29099,2739,27638,11357
11280
24087
9193
1415
11330,15125,17431
29099,4571
5627,1507,27117,2033
10949,2198,13020,13247,25349,25079,19540
18167
1392,19466,28378,23628
542,16009,20800
26871
13737,14580
25329,2610
1392,29442,2771
13020,16624,3809,4949,19421,23662,7356,13737,11864,26972,26614,251,7096,11330,23475,21067
24059
21768
21067,2033
5015
26959,28438,22621
14922,19615,9486,2257,9846,8724,18736,20608,28124,12977
8689,15086,13226,9471,17640,17214,2568,7611,7868,9549,27791
6246
2610
8816,12977
25366,27514,11864,3032,8261,22113,1917,8767
24704,14603,12541
11679,3913,15414,7737,16176,23698,530,20256,3393,27487,16944,5053,8792,23013,23480,2251,22749
16500,911,26288,5848,10151,24541,11665,7542
12642,4220,4571,18051,1107
2826,29203
4220,7409,25329,15434
15345,26114,7975,6352,18572,4571
6571
11080,21593,20800,13285,23779,28135
7706,23086
21392,26034,4320,619,18891,29203
20456,27407,28662,12285,20694,18905,15315,7737
4571,6542,27511,12656,16972,21911,3228
11330,19540,21739,21758,18180,7542,26614
27791
20979,8816,22950,27791,18465
3740,530,23628
15584,15860
14153
15584,489,28662,22280
18227,29213,12736
5150,16420,7868
16500,14048,9131,15645,23669,3228
8313,12285
13737,24341,20661,7822,12394,24325,13592,5458,23549,14902,6724,22280
6880,15018,22371,16540,23781,26546,18491,11670,20661
7680,15307,12754,16463,10452,5081,18958
3665
12754
16913,27791,15672
519,2891,4949
18271
5053,23782,26670,29330,28859,22963,27791,18024,23143
25651,19394,5592,4750
1155,18712,14525,19751,700,7105
17061,17348,21657,19394,18805,17405,1222,28270,3438,14261,15645,14533,16331,17060,18024
24334,21865
5845,2750
18946,11080
10066,3228,13888
21110
11176,25260,15831,778
11196,3458
29265,3438,2437,17531
1681
12220,19671
18075,16463
12285,11904,21865,14580,3699,10171,647,11080,527,12747
20152,26789
22126,20184,4499,21336,1337,5254,14415,2999,10325,12758,29099,27927,14788,24434,10702,3999,24984,24669,23928,18829,16846,21919,12795
17823,1293,27912,27060,22313,2251,19421,25651,24172,15395,23782,12541,5736
4081,4578
23223
13390,15311
25840,16564
12586,360,9620,6571,845,2966
17393,13471,7868,14227,16177
9894
18075,16672,29334,18741
3174,18730,23748,26607,8173,12285,22994
18075,27056
14666,5081,14265
17405,28017,11864,9620,19217,17446
27346,155,16217,19258,28270,28508,5306,14894
554,17237
28438,8689
7105,18791,7868,21865
21146,7096,12977
8689,4949,14482,13039,20456,29224
13779,6498,10232,7297,8851,1138,1565,9563,11635,16722,20338
29203
19673,7150,25372
29375,17214,17835,20823,11196
29099
14393,15918,22043,4336,29539,22359,18072,3313
3809,11487,19431,23340,29363,12168
28369,7943,9657,18741,14020
17760,24737
23284,20979,18172,22946,22843,15249
11329,10999,8089,9472,5043
29099,21840,26516
8637
21899,26619
24966
15549,8313,1237,5053,11679,679,2367,10690,13787,20297,18829,21925,599
4281,18465
5652,9846,25386,2945,7943,14233,4039,23928,11524,6820,10258,26005,6868,398,27035,28535,9392,20386,7037,23549,3185,18612,8483,21336,20751,28641,15988,21930,22313,24944,26972,15784,28945,7045,12285,7059,18736,20297,16463,27117,19632,24869,2476,4807,17094,26619,14486,14294
7127,16406,4775,29473,18843,20388
4039,25570,8692,3719,28975,14020,11524,24409
15934,13103
14261,989,7096,8495
3219,15032,16939
6571,20608,15584,4731,14226,7411,16540,2179,7936,26576,1803
12927
14159
11196,3228
18905,7868,19890,6096,26699
27508
25670,12068,9152,24541,20694,28418,11638,16624,15478,15423,26308,7248,21067,23779,19166
12737,11176,27160,12394
23779,21657
18292
1396,22915
14153,18805,14242,27791
27394,6158,23628,29203
21565,7323,27198,19772,16406,2783,13878,15988,29099,11263,26288,27501
1995,19615,14153,25420,20979,1666,14887,24440,10635,3740
4761,25960,2613,1481
18024,5845,14415,2568,14788,12143
10948,3051,18180,3776,4220,3458,10584,10014,21146,26619
28707
10999,27328,14902,1155
9472,17920,19105,21315,9045,10225,6856
21930,5429,9563
24196,23622,9709,5086
1758,9522,13103,11080,21911,12162,6505,23482,20411,16865,8719,17959
11781,26546,23214,5086,17783,5848,22126,23482
27961,11790,19394,13795
360,24565,25169,21930,8637,15018,21657,239,7868,20835,12076,5043
24385,22732,22126,18805,953,29099,11201,2436,17214,20626,9458,10584
3190,21995,18805,12576
5764,3658,16483
19955
11939,24841,4949
1481,5081
10948,27514,24929,18167,5598,12688
14902,24780,679,4571,11080
20555,25917,1031,16463,8637,12271,8226,13209
18183,23826,1731,21336,11080,26716,17959
12491,13672,23779
9090,11304,24088,28124
8818,12055,9899,3850,2683
6621
22489,7868
7456,11196,27092,21865,17013,27406,27791
17060,28899,569,3228,15390
24869,25960,4731,16463,13020,23342,8628
27401,20695,18730,3228,29084,2128,22359,14182,18388,26006,22043,14153,21146,19829,9991,4329,2963
26006,23662,7173,239,17706,3390,11963,11076,27155,15584,6148,16110,4411,27443,10393,12431
22846
2323,6158,19828
4819
11330,8943,29225,4452
1366,24193
29465,8630,15390
21593,18289
28166,13471,24922
4571,11280
12285,8148,24911,7522,22027,451,14020,19381,19179
20701,18489,18024
18185,26523
9567
19660,4667,11159,1079,20297
